
1.25980623818525519848
1.14851134215500945179
1.26181474480151228733
1.16327977315689981096
1.06675330812854442344
1.17615784499054820415
1.17958412098298676748
1.25531663516068052930
1.12263705103969754253
1.25874291115311909262
1.25720699432892249527
1.25815217391304347826
1.25874291115311909262
1.02185727788279773156
1.16564272211720226843
1.16906899810964083175
1.11850189035916824196
1.26004253308128544423
1.20569470699432892249
1.09227315689981096408
1.18679111531190926275
1.08872873345935727788
1.20014177693761814744
1.05671077504725897920
1.18620037807183364839
1.06285444234404536862
1.07301512287334593572
1.11365784499054820415
1.08471172022684310018
1.26134215500945179584
1.25980623818525519848
1.25945179584120982986
1.25945179584120982986
1.06758034026465028355
1.08293950850661625708
1.06060964083175803402
1.22932419659735349716
1.05990075614366729678
1.13102551984877126654
1.19104442344045368620
1.20073251417769376181
1.25992438563327032136
1.04844045368620037807
1.05647448015122873345
1.12322778827977315689
1.22932419659735349716
1.08282136105860113421
1.14307655954631379962
1.21739130434782608695
1.26016068052930056710
1.26063327032136105860
1.08719281663516068052
1.10834120982986767485
1.25555293005671077504
1.11696597353497164461
1.05009451795841209829
1.06120037807183364839
1.04855860113421550094
1.24503780718336483931
1.21951795841209829867
1.15701795841209829867
1.17674858223062381852
1.12051039697542533081
1.05411153119092627599
1.25614366729678638941
1.12629962192816635160
1.07904064272211720226
1.05163043478260869565
1.05777410207939508506
1.15666351606805293005
1.25897920604914933837
1.12322778827977315689
1.15666351606805293005
1.04312381852551984877
1.04761342155009451795
1.13634215500945179584
1.21349243856332703213
1.26134215500945179584
1.12263705103969754253
1.18419187145557655954
1.10137051039697542533
1.13362476370510396975
1.16623345935727788279
1.00378071833648393194
1.25673440453686200378
1.25767958412098298676
1.22873345935727788279
1.07100661625708884688
1.25153591682419659735
1.24491965973534971644
1.04903119092627599243
1.16871455576559546313
1.26157844990548204158
1.25200850661625708884
1.25685255198487712665
1.25874291115311909262
1.25874291115311909262
1.25968809073724007561
1.25933364839319470699
