
1.26060677885754918227
1.26534723868215216876
1.26321403176108082484
1.25954017539701351031
1.26333254325669589950
1.26131784783123963024
1.26131784783123963024
1.26108082484000948091
1.26333254325669589950
1.26013273287508888362
1.26546575017776724342
1.26191040530931500355
1.26001422137947380895
1.26605830765584261673
1.26297700876985067551
1.26404361223038634747
1.26273998577862052619
1.26321403176108082484
1.26724342261199336335
1.26558426167338231808
1.25716994548471201706
1.25965868689262858497
1.26700639962076321403
1.26582128466461246740
1.26001422137947380895
1.26511021569092201943
1.26108082484000948091
1.25479971557241052382
1.25788101445840246503
1.26439914671723157146
1.26214742830054515287
1.26356956624792604882
1.26143635932685470490
1.26665086513391799004
1.26641384214268784072
1.26250296278739037686
1.26700639962076321403
1.25989570988385873429
1.25716994548471201706
1.25562929604171604645
1.26013273287508888362
1.26333254325669589950
1.26333254325669589950
1.25882910642332306233
1.26179189381369992889
1.25847357193647783835
1.26534723868215216876
1.25977719838824365963
1.26048826736193410760
1.25942166390139843564
1.26558426167338231808
1.26629533064707276605
1.26582128466461246740
1.26451765821284664612
1.26534723868215216876
1.26605830765584261673
1.26191040530931500355
1.26629533064707276605
1.26202891680493007821
1.25835506044086276368
1.26665086513391799004
1.25705143398909694240
1.26748044560322351268
1.26214742830054515287
1.25954017539701351031
1.24484474994074425219
1.25882910642332306233
1.25574780753733112111
1.26795449158568381132
1.26724342261199336335
1.26546575017776724342
1.26202891680493007821
1.26356956624792604882
1.12550367385636406731
1.25977719838824365963
1.26060677885754918227
1.26688788812514813936
1.26605830765584261673
1.26048826736193410760
1.26629533064707276605
1.26605830765584261673
1.25432566958995022517
1.26724342261199336335
1.26060677885754918227
1.26428063522161649680
1.25918464091016828632
1.25871059492770798767
1.26108082484000948091
1.26001422137947380895
1.26665086513391799004
1.26736193410760843801
1.26025124437070395828
1.26036975586631903294
1.26653235363830291538
1.25740696847594216639
1.26475468120407679544
1.26593979616022754207
1.26629533064707276605
1.25977719838824365963
