
1.28461538461538461538
1.26201183431952662721
1.28177514792899408284
1.27727810650887573964
1.27005917159763313609
1.26781065088757396449
1.28650887573964497041
1.26118343195266272189
1.28804733727810650887
1.26923076923076923076
1.27053254437869822485
1.27443786982248520710
1.26852071005917159763
1.26840236686390532544
1.29278106508875739644
1.28378698224852071005
1.27964497041420118343
1.34899408284023668639
1.50165680473372781065
1.68142011834319526627
2.12970414201183431952
2.27680473372781065088
2.56532544378698224852
3.50899408284023668639
4.87940828402366863905
5.68378698224852071005
6.64934911242603550295
7.46378698224852071005
9.48639053254437869822
12.92177514792899408284
16.20852071005917159763
19.37502958579881656804
24.85289940828402366863
29.66189349112426035502
36.58627218934911242603
43.98059171597633136094
54.20781065088757396449
64.05940828402366863905
13.13041420118343195266
67.67467455621301775147
