
1.28903850696905268131
1.28549492085991022915
1.28726671391448145523
1.28147885660288211670
1.27120245688636900543
1.28608551854476730451
1.28738483345145287030
1.27391920623671155209
1.27427356484762579730
1.29624379872430900070
1.27911646586345381526
1.29057406094968107725
1.27332860855185447673
1.29872430900070871722
1.27510040160642570281
1.30994566501299314906
1.27840774864162532482
1.28738483345145287030
1.28336876919442475785
1.30108669974013701866
1.29128277817150956768
1.29140089770848098275
1.28821167021025277580
1.31537916371367824238
1.29317269076305220883
1.28124261752893928655
1.27309236947791164658
1.28289629104653909756
1.27852586817859673990
1.28266005197259626742
1.31242617528939286557
1.30805575242145050791
1.29636191826128041578
1.29860618946373730214
1.30923694779116465863
1.29270021261516654854
1.30285849279470824474
1.34266477675407512402
1.29411764705882352941
1.30403968816442239546
