
1.28212910003501809268
1.28376327769347496206
1.28469709349830745885
1.30500758725341426403
1.27255748803548500058
1.28458036652270339675
1.26240224115793159799
1.30640831096066300922
1.25388117193883506478
1.28656472510797245243
1.29496906735146492354
1.29065016925411462589
1.26543714252363721255
1.26835531691373876502
1.25539862262168787206
1.29158398505894712268
1.28177891910820590638
1.28026146842535309910
1.28563090930313995564
1.29683669896112991712
1.29029998832730243959
1.30582467608264269872
1.30524104120462238823
1.29660324500992179292
1.27979456052293685070
1.30885957744834831329
1.26660441227967783354
1.32963697910587136687
1.31457919925294735613
1.31551301505777985292
1.31831446247227734329
1.32134936383798295786
1.29158398505894712268
1.31609664993580016341
1.29135053110773899848
1.72020543947706314929
1.32415081125248044823
1.30185595891210458737
1.31131084393603361736
1.30979339325318081008
