
1.27118047406712039427
1.26390518657592114527
1.27247125088007509974
1.27282328091997183759
1.29124618634123445200
1.27434874442619103496
1.27517014785261675662
1.26038488617695376672
1.26695611358835954001
1.27986388171790659469
1.26871626378784322928
1.27810373151842290542
1.28232809199718375968
1.28068528514433231635
1.26636939685519831025
1.27904247829148087303
1.28936869279511851678
1.28314949542360948134
1.39122271767190800281
1.68622389110537432527
2.39462567472424313541
2.71063130720488148321
3.40342642572166158178
3.92595634827505280450
4.93252757568645857779
5.92091058436986622858
6.99061253226942032386
8.53520300398967378549
9.82820934053039192677
11.60114996479699601032
15.19420323867636704998
18.17143862942971133536
23.04271297817413752640
26.49988265665336775404
31.13471016193381835249
37.80814362825627786904
45.32926543065008214034
56.27728232809199718375
55.51396385824923726824
61.98134240788547289368
