
1.23798973880597014925
1.23740671641791044776
1.23705690298507462686
1.23950559701492537313
1.24440298507462686567
1.23659048507462686567
1.12278451492537313432
1.24265391791044776119
1.23682369402985074626
1.23787313432835820895
1.23530783582089552238
1.23880597014925373134
1.24731809701492537313
1.23472481343283582089
1.24743470149253731343
1.23437500000000000000
1.23390858208955223880
1.24650186567164179104
1.24673507462686567164
1.24685167910447761194
1.23950559701492537313
1.24265391791044776119
1.24603544776119402985
1.24055503731343283582
1.24113805970149253731
1.24265391791044776119
1.22994402985074626865
1.12255130597014925373
1.24148787313432835820
1.24731809701492537313
1.24650186567164179104
1.24335354477611940298
1.24521921641791044776
1.23076026119402985074
1.24160447761194029850
1.24102145522388059701
1.24440298507462686567
1.24032182835820895522
1.24545242537313432835
1.23169309701492537313
1.24102145522388059701
1.23985541044776119402
1.24148787313432835820
1.24020522388059701492
1.22644589552238805970
1.23600746268656716417
1.24626865671641791044
1.24405317164179104477
1.24288712686567164179
1.24230410447761194029
1.12091884328358208955
1.23565764925373134328
1.24510261194029850746
1.24428638059701492537
1.24428638059701492537
1.24277052238805970149
1.24381996268656716417
1.24043843283582089552
1.24043843283582089552
1.24696828358208955223
1.23717350746268656716
1.24615205223880597014
1.24358675373134328358
1.24451958955223880597
1.24137126865671641791
1.24521921641791044776
1.24545242537313432835
1.24556902985074626865
1.24148787313432835820
1.24661847014925373134
1.24673507462686567164
1.24475279850746268656
1.24277052238805970149
1.24860074626865671641
1.24312033582089552238
1.17618936567164179104
1.24230410447761194029
1.23973880597014925373
1.24207089552238805970
1.23647388059701492537
1.24498600746268656716
1.24183768656716417910
1.24218750000000000000
1.24312033582089552238
1.24545242537313432835
1.24195429104477611940
1.24253731343283582089
1.24242070895522388059
1.23694029850746268656
1.24148787313432835820
1.24416977611940298507
1.24172108208955223880
1.24090485074626865671
1.24253731343283582089
1.24218750000000000000
1.24137126865671641791
1.24288712686567164179
1.24650186567164179104
1.23880597014925373134
