
1.24940954180444024563
1.24905526688710439300
1.24728389230042512990
1.26110061407652338214
1.25661313179026924893
1.25838450637694851204
1.25578649031648559282
1.25708549834671705243
1.25968351440717997165
1.25543221539914974019
1.26452527161076995748
1.26074633915918752952
1.25330656589513462446
1.25495984884270193670
1.25165328294756731223
1.25177137458667926310
1.26322626358053849787
1.25366084081247047709
1.26299008030231459612
1.26358053849787435049
1.25932923948984411903
1.25673122342938119981
1.25956542276806802078
1.25590458195559754369
1.25106282475200755786
1.25555030703826169107
1.26027397260273972602
1.25661313179026924893
1.25401511572980632971
1.26015588096362777515
1.25590458195559754369
1.25247992442135096835
1.26275389702409069437
1.25330656589513462446
1.25224374114312706660
1.26086443079829948039
1.25673122342938119981
1.25625885687293339631
1.26110061407652338214
1.26039206424185167690
1.26039206424185167690
1.25283419933868682097
1.25224374114312706660
1.25177137458667926310
1.26216343882853094000
1.25590458195559754369
1.26145488899385923476
1.25732168162494095418
1.25519603212092583845
1.25011809163911195087
1.25023618327822390174
1.25247992442135096835
1.25649504015115729806
1.25507794048181388757
1.25484175720358998582
1.25732168162494095418
1.26121870571563533301
1.07546055739253660840
1.24704770902220122815
1.25932923948984411903
1.26239962210675484175
1.25460557392536608408
1.26251771374586679263
1.25590458195559754369
1.27716107699574870099
1.25909305621162021728
1.25224374114312706660
1.25484175720358998582
1.26358053849787435049
1.25980160604629192253
1.17477562588568729333
1.24657534246575342465
1.25980160604629192253
1.25909305621162021728
1.25614076523382144544
1.25684931506849315068
1.25519603212092583845
1.24834671705243268776
1.26015588096362777515
1.23429381199811053377
1.25188946622579121398
1.25944733112895606991
1.25649504015115729806
1.25956542276806802078
1.25637694851204534718
1.24421350968351440717
1.25743977326405290505
1.25885687293339631554
1.25743977326405290505
1.24692961738308927727
1.25932923948984411903
1.25011809163911195087
1.25342465753424657534
1.26039206424185167690
1.26192725555030703826
1.25413320736891828058
1.25094473311289560699
1.25342465753424657534
1.25224374114312706660
